---
build/images/headshotMonsteraSquareSmall.jpeg: 2025-01-27 23:01:06.622083786 -07:00
build/images/meopt.jpg: 2025-01-27 23:01:06.612444554 -07:00
build/images/workbench.png: 2025-01-27 23:01:08.395702407 -07:00
build/images/flow.png: 2025-01-27 23:01:09.932975788 -07:00
build/images/mainsass.png: 2025-01-27 23:01:07.142602295 -07:00
build/images/cardback.png: 2025-01-27 23:01:08.761993209 -07:00
build/images/headshotsc.png: 2025-01-27 23:01:06.660640713 -07:00
build/images/pusher.png: 2025-01-27 23:01:16.600594030 -07:00
build/images/cardfront.png: 2025-01-27 23:01:08.790910903 -07:00
build/images/pagespeed.png: 2025-01-27 23:01:13.933637617 -07:00
build/images/visuify-small.png: 2025-01-27 23:01:10.585256318 -07:00
build/images/settings.png: 2025-01-27 23:01:06.940178430 -07:00
build/images/bourbon.png: 2025-01-27 23:01:07.614924645 -07:00
build/images/cfr.png: 2025-01-27 23:01:31.990026498 -07:00
build/images/hn-no-reason.png: 2025-01-27 23:01:10.565785258 -07:00
build/images/learning_pyramid.png: 2025-01-27 23:01:09.349986338 -07:00
