---
build/images/headshotMonsteraSquareSmall.jpeg: 2025-01-28 00:41:23.615665598 -07:00
build/images/meopt.jpg: 2025-01-28 00:41:23.596376514 -07:00
build/images/workbench.png: 2025-01-28 00:41:25.245593251 -07:00
build/images/flow.png: 2025-01-28 00:41:26.759786396 -07:00
build/images/mainsass.png: 2025-01-28 00:41:24.126826341 -07:00
build/images/cardback.png: 2025-01-28 00:41:25.689242198 -07:00
build/images/headshotsc.png: 2025-01-28 00:41:23.634954683 -07:00
build/images/pusher.png: 2025-01-28 00:41:32.996507467 -07:00
build/images/cardfront.png: 2025-01-28 00:41:25.554218605 -07:00
build/images/pagespeed.png: 2025-01-28 00:41:30.580044043 -07:00
build/images/visuify-small.png: 2025-01-28 00:41:27.280591682 -07:00
build/images/settings.png: 2025-01-28 00:41:23.895357324 -07:00
build/images/bourbon.png: 2025-01-28 00:41:24.580119831 -07:00
build/images/cfr.png: 2025-01-28 00:41:47.791442726 -07:00
build/images/hn-no-reason.png: 2025-01-28 00:41:27.319169851 -07:00
build/images/learning_pyramid.png: 2025-01-28 00:41:26.248625653 -07:00
