---
build/images/pusher.png: 2022-09-03 18:13:47.122631700 -06:00
build/images/headshotsc.png: 2022-09-03 18:13:30.582631700 -06:00
build/images/headshotMonsteraSquareSmall.jpeg: 2022-09-03 18:13:30.602631700 -06:00
build/images/hn-no-reason.png: 2022-09-03 18:13:36.742631700 -06:00
build/images/settings.png: 2022-09-03 18:13:31.092631700 -06:00
build/images/flow.png: 2022-09-03 18:13:35.242631700 -06:00
build/images/learning_pyramid.png: 2022-09-03 18:13:34.722631700 -06:00
build/images/cardfront.png: 2022-09-03 18:13:33.302631700 -06:00
build/images/bourbon.png: 2022-09-03 18:13:31.952631700 -06:00
build/images/cardback.png: 2022-09-03 18:13:33.332631700 -06:00
build/images/visuify-small.png: 2022-09-03 18:13:37.012631700 -06:00
build/images/mainsass.png: 2022-09-03 18:13:31.452631700 -06:00
build/images/workbench.png: 2022-09-03 18:13:33.352631700 -06:00
build/images/pagespeed.png: 2022-09-03 18:13:41.982631700 -06:00
build/images/cfr.png: 2022-09-03 18:14:01.292631700 -06:00
build/images/meopt.jpg: 2022-09-03 18:13:30.622631700 -06:00
