---
build/images/cardfront-7684fc66.png: 2018-01-17 01:08:03.309910135 -07:00
build/images/groom-9f92c300.png: 2018-01-17 01:08:00.277949881 -07:00
build/images/hn-no-reason-5c509607.png: 2018-01-17 01:08:07.077860740 -07:00
build/images/pagespeed-4d8b6b12.png: 2018-01-17 01:08:13.913771126 -07:00
build/images/visuify-small-2870c9a1.png: 2018-01-17 01:08:09.565828125 -07:00
build/images/settings-faa2fad8.png: 2018-01-17 01:08:03.721904734 -07:00
build/images/cardback-e8c25e0b.png: 2018-01-17 01:08:07.029861370 -07:00
build/images/workbench-5951c6aa.png: 2018-01-17 01:08:09.581827916 -07:00
build/images/visuify-2efbe892.png: 2018-01-17 01:08:54.121243977 -07:00
build/images/learning_pyramid-c444079f.png: 2018-01-17 01:08:18.545710402 -07:00
build/images/bourbon-92c7aaf3.png: 2018-01-17 01:08:15.505750256 -07:00
build/images/flow-c6be7190.png: 2018-01-17 01:08:19.217701592 -07:00
build/images/cfr-805ab76e.png: 2018-01-17 01:08:52.509265113 -07:00
build/images/headshotsc-950d25ba.png: 2018-01-17 01:08:54.181243190 -07:00
build/images/mainsass-4b698b6c.png: 2018-01-17 01:08:54.789235219 -07:00
