---
build/images/workbench-5951c6aa.png: 2019-02-09 23:34:21.333893333 -07:00
build/images/cathatsquaresmall-7ad03200.jpg: 2019-02-09 23:34:18.149932434 -07:00
build/images/flow-c6be7190.png: 2019-02-09 23:34:24.013860421 -07:00
build/images/groom-9f92c300.png: 2019-02-09 23:34:18.269930961 -07:00
build/images/visuify-small-2870c9a1.png: 2019-02-09 23:34:24.869849909 -07:00
build/images/visuify-2efbe892.png: 2019-02-09 23:34:59.617423092 -07:00
build/images/mainsass-4b698b6c.png: 2019-02-09 23:34:19.313918140 -07:00
build/images/learning_pyramid-c444079f.png: 2019-02-09 23:34:22.949873487 -07:00
build/images/cardback-e8c25e0b.png: 2019-02-09 23:34:21.481891516 -07:00
build/images/cfr-805ab76e.png: 2019-02-09 23:34:55.513473508 -07:00
build/images/lisboa-c5cb1b30.png: 2019-02-09 23:34:18.177932090 -07:00
build/images/headshotsc-950d25ba.png: 2019-02-09 23:34:18.241931302 -07:00
build/images/settings-faa2fad8.png: 2019-02-09 23:34:18.841923936 -07:00
build/images/cardfront-7684fc66.png: 2019-02-09 23:34:24.289857031 -07:00
build/images/bourbon-92c7aaf3.png: 2019-02-09 23:34:22.733876140 -07:00
build/images/pagespeed-4d8b6b12.png: 2019-02-09 23:34:36.049712599 -07:00
build/images/hn-no-reason-5c509607.png: 2019-02-09 23:34:30.041786389 -07:00
