---
build/images/workbench-5951c6aa.png: 2019-02-09 23:56:24.925667464 -07:00
build/images/cathatsquaresmall-7ad03200.jpg: 2019-02-09 23:56:22.085702312 -07:00
build/images/flow-c6be7190.png: 2019-02-09 23:56:27.305638262 -07:00
build/images/groom-9f92c300.png: 2019-02-09 23:56:22.145701576 -07:00
build/images/visuify-small-2870c9a1.png: 2019-02-09 23:56:28.685621330 -07:00
build/images/visuify-2efbe892.png: 2019-02-09 23:57:02.573205457 -07:00
build/images/mainsass-4b698b6c.png: 2019-02-09 23:56:23.053690435 -07:00
build/images/learning_pyramid-c444079f.png: 2019-02-09 23:56:26.589647047 -07:00
build/images/cardback-e8c25e0b.png: 2019-02-09 23:56:25.085665501 -07:00
build/images/cfr-805ab76e.png: 2019-02-09 23:56:58.917250329 -07:00
build/images/lisboa-c5cb1b30.png: 2019-02-09 23:56:22.105702067 -07:00
build/images/headshotsc-950d25ba.png: 2019-02-09 23:56:22.133701723 -07:00
build/images/settings-faa2fad8.png: 2019-02-09 23:56:22.737694313 -07:00
build/images/cardfront-7684fc66.png: 2019-02-09 23:56:27.721633158 -07:00
build/images/bourbon-92c7aaf3.png: 2019-02-09 23:56:26.709645577 -07:00
build/images/pagespeed-4d8b6b12.png: 2019-02-09 23:56:39.273491406 -07:00
build/images/hn-no-reason-5c509607.png: 2019-02-09 23:56:33.337564248 -07:00
