---
build/images/workbench-5951c6aa.png: 2019-02-09 16:21:37.884766908 -07:00
build/images/cathatsquaresmall-7ad03200.jpg: 2019-02-09 16:21:34.584804337 -07:00
build/images/flow-c6be7190.png: 2019-02-09 16:21:40.184740801 -07:00
build/images/groom-9f92c300.png: 2019-02-09 16:21:34.688803159 -07:00
build/images/visuify-small-2870c9a1.png: 2019-02-09 16:21:41.856721813 -07:00
build/images/visuify-2efbe892.png: 2019-02-09 16:22:15.480338197 -07:00
build/images/mainsass-4b698b6c.png: 2019-02-09 16:21:35.520793724 -07:00
build/images/learning_pyramid-c444079f.png: 2019-02-09 16:21:38.988754379 -07:00
build/images/cardback-e8c25e0b.png: 2019-02-09 16:21:37.960766045 -07:00
build/images/cfr-805ab76e.png: 2019-02-09 16:22:11.248386659 -07:00
build/images/lisboa-c5cb1b30.png: 2019-02-09 16:21:34.608804065 -07:00
build/images/headshotsc-950d25ba.png: 2019-02-09 16:21:34.664803430 -07:00
build/images/settings-faa2fad8.png: 2019-02-09 16:21:35.204797308 -07:00
build/images/cardfront-7684fc66.png: 2019-02-09 16:21:40.756734306 -07:00
build/images/bourbon-92c7aaf3.png: 2019-02-09 16:21:39.212751835 -07:00
build/images/pagespeed-4d8b6b12.png: 2019-02-09 16:21:52.316602829 -07:00
build/images/hn-no-reason-5c509607.png: 2019-02-09 16:21:46.292671392 -07:00
