---
build/images/workbench-5951c6aa.png: 2019-02-01 00:54:58.581170254 -07:00
build/images/cathatsquaresmall-7ad03200.jpg: 2019-02-01 00:54:55.973205426 -07:00
build/images/flow-c6be7190.png: 2019-02-01 00:55:01.057136861 -07:00
build/images/groom-9f92c300.png: 2019-02-01 00:54:56.089203862 -07:00
build/images/visuify-small-2870c9a1.png: 2019-02-01 00:55:03.125108973 -07:00
build/images/visuify-2efbe892.png: 2019-02-01 00:55:38.440632695 -07:00
build/images/mainsass-4b698b6c.png: 2019-02-01 00:54:57.085190430 -07:00
build/images/learning_pyramid-c444079f.png: 2019-02-01 00:55:00.785140529 -07:00
build/images/cardback-e8c25e0b.png: 2019-02-01 00:54:59.725154826 -07:00
build/images/cfr-805ab76e.png: 2019-02-01 00:55:34.168690307 -07:00
build/images/lisboa-c5cb1b30.png: 2019-02-01 00:54:55.977205371 -07:00
build/images/headshotsc-950d25ba.png: 2019-02-01 00:54:56.061204239 -07:00
build/images/settings-faa2fad8.png: 2019-02-01 00:54:56.625196632 -07:00
build/images/cardfront-7684fc66.png: 2019-02-01 00:55:01.365132707 -07:00
build/images/bourbon-92c7aaf3.png: 2019-02-01 00:55:00.509144253 -07:00
build/images/pagespeed-4d8b6b12.png: 2019-02-01 00:55:13.512968878 -07:00
build/images/hn-no-reason-5c509607.png: 2019-02-01 00:55:07.281052925 -07:00
