---
build/images/workbench-5951c6aa.png: 2019-03-23 10:51:37.038845844 -06:00
build/images/cathatsquaresmall-7ad03200.jpg: 2019-03-23 10:51:34.082854607 -06:00
build/images/flow-c6be7190.png: 2019-03-23 10:51:39.402838837 -06:00
build/images/groom-9f92c300.png: 2019-03-23 10:51:34.166854358 -06:00
build/images/visuify-small-2870c9a1.png: 2019-03-23 10:51:41.710831997 -06:00
build/images/visuify-2efbe892.png: 2019-03-23 10:52:14.002359519 -06:00
build/images/mainsass-4b698b6c.png: 2019-03-23 10:51:35.166851392 -06:00
build/images/learning_pyramid-c444079f.png: 2019-03-23 10:51:38.454841646 -06:00
build/images/cardback-e8c25e0b.png: 2019-03-23 10:51:37.006845940 -06:00
build/images/cfr-805ab76e.png: 2019-03-23 10:52:10.110513853 -06:00
build/images/lisboa-c5cb1b30.png: 2019-03-23 10:51:34.078854617 -06:00
build/images/headshotsc-950d25ba.png: 2019-03-23 10:51:34.122854488 -06:00
build/images/settings-faa2fad8.png: 2019-03-23 10:51:34.726852697 -06:00
build/images/cardfront-7684fc66.png: 2019-03-23 10:51:39.906837343 -06:00
build/images/bourbon-92c7aaf3.png: 2019-03-23 10:51:38.718840865 -06:00
build/images/pagespeed-4d8b6b12.png: 2019-03-23 10:51:51.522802915 -06:00
build/images/hn-no-reason-5c509607.png: 2019-03-23 10:51:45.750820023 -06:00
