---
build/images/cardback-e8c25e0b.png: 2018-07-19 00:20:00.687009007 -06:00
build/images/cardfront-7684fc66.png: 2018-07-19 00:20:00.534504619 -06:00
build/images/lisboa-c5cb1b30.png: 2018-07-19 00:19:57.368445476 -06:00
build/images/pagespeed-4d8b6b12.png: 2018-07-19 00:20:14.345491562 -06:00
build/images/flow-c6be7190.png: 2018-07-19 00:20:03.638270215 -06:00
build/images/settings-faa2fad8.png: 2018-07-19 00:19:57.502496101 -06:00
build/images/bourbon-92c7aaf3.png: 2018-07-19 00:19:58.762049736 -06:00
build/images/headshotsc-950d25ba.png: 2018-07-19 00:19:56.827563023 -06:00
build/images/hn-no-reason-5c509607.png: 2018-07-19 00:20:07.046367823 -06:00
build/images/learning_pyramid-c444079f.png: 2018-07-19 00:20:06.809319890 -06:00
build/images/cfr-805ab76e.png: 2018-07-19 00:20:42.095143652 -06:00
build/images/visuify-2efbe892.png: 2018-07-19 00:20:49.602087271 -06:00
build/images/visuify-small-2870c9a1.png: 2018-07-19 00:20:22.275725236 -06:00
build/images/mainsass-4b698b6c.png: 2018-07-19 00:20:15.538597295 -06:00
build/images/groom-9f92c300.png: 2018-07-19 00:20:14.515971336 -06:00
build/images/workbench-5951c6aa.png: 2018-07-19 00:20:18.138388246 -06:00
