---
build/images/cardback-e8c25e0b.png: 2018-08-19 14:18:24.620164519 -06:00
build/images/cardfront-7684fc66.png: 2018-08-19 14:18:24.505289426 -06:00
build/images/lisboa-c5cb1b30.png: 2018-08-19 14:18:20.980628403 -06:00
build/images/pagespeed-4d8b6b12.png: 2018-08-19 14:18:37.706139430 -06:00
build/images/flow-c6be7190.png: 2018-08-19 14:18:27.826717245 -06:00
build/images/settings-faa2fad8.png: 2018-08-19 14:18:21.281377149 -06:00
build/images/bourbon-92c7aaf3.png: 2018-08-19 14:18:22.628179707 -06:00
build/images/headshotsc-950d25ba.png: 2018-08-19 14:18:20.553476458 -06:00
build/images/hn-no-reason-5c509607.png: 2018-08-19 14:18:31.033587090 -06:00
build/images/learning_pyramid-c444079f.png: 2018-08-19 14:18:30.700572266 -06:00
build/images/cfr-805ab76e.png: 2018-08-19 14:19:06.003488421 -06:00
build/images/visuify-2efbe892.png: 2018-08-19 14:19:13.898103042 -06:00
build/images/cathatsquaresmall-7ad03200.jpg: 2018-08-19 14:18:38.106399154 -06:00
build/images/visuify-small-2870c9a1.png: 2018-08-19 14:18:45.542502509 -06:00
build/images/mainsass-4b698b6c.png: 2018-08-19 14:18:39.008942808 -06:00
build/images/groom-9f92c300.png: 2018-08-19 14:18:37.906215952 -06:00
build/images/workbench-5951c6aa.png: 2018-08-19 14:18:41.453776479 -06:00
