---
build/images/cardback-e8c25e0b.png: 2018-01-26 15:34:40.335484751 -07:00
build/images/cardfront-7684fc66.png: 2018-01-26 15:34:40.186010604 -07:00
build/images/pagespeed-4d8b6b12.png: 2018-01-26 15:34:52.821798992 -07:00
build/images/flow-c6be7190.png: 2018-01-26 15:34:44.052208262 -07:00
build/images/settings-faa2fad8.png: 2018-01-26 15:34:36.940674734 -07:00
build/images/bourbon-92c7aaf3.png: 2018-01-26 15:34:38.201999617 -07:00
build/images/headshotsc-950d25ba.png: 2018-01-26 15:34:36.323719860 -07:00
build/images/hn-no-reason-5c509607.png: 2018-01-26 15:34:45.851081707 -07:00
build/images/learning_pyramid-c444079f.png: 2018-01-26 15:34:43.261673772 -07:00
build/images/cfr-805ab76e.png: 2018-01-26 15:35:20.972215628 -07:00
build/images/visuify-2efbe892.png: 2018-01-26 15:35:29.197793752 -07:00
build/images/visuify-small-2870c9a1.png: 2018-01-26 15:35:00.684483179 -07:00
build/images/mainsass-4b698b6c.png: 2018-01-26 15:34:54.032293446 -07:00
build/images/groom-9f92c300.png: 2018-01-26 15:34:52.997910469 -07:00
build/images/workbench-5951c6aa.png: 2018-01-26 15:34:56.531730425 -07:00
