---
build/images/cardback-e8c25e0b.png: 2017-11-18 23:43:37.745793177 -07:00
build/images/cardfront-7684fc66.png: 2017-11-18 23:43:37.565062917 -07:00
build/images/pagespeed-4d8b6b12.png: 2017-11-18 23:43:49.868250859 -07:00
build/images/flow-c6be7190.png: 2017-11-18 23:43:40.820205556 -07:00
build/images/settings-faa2fad8.png: 2017-11-18 23:43:34.295631519 -07:00
build/images/bourbon-92c7aaf3.png: 2017-11-18 23:43:35.605812239 -07:00
build/images/headshotsc-950d25ba.png: 2017-11-18 23:43:33.670830190 -07:00
build/images/hn-no-reason-5c509607.png: 2017-11-18 23:43:43.324544635 -07:00
build/images/learning_pyramid-c444079f.png: 2017-11-18 23:43:40.694590174 -07:00
build/images/cfr-805ab76e.png: 2017-11-18 23:44:15.890723115 -07:00
build/images/visuify-2efbe892.png: 2017-11-18 23:44:23.342154111 -07:00
build/images/visuify-small-2870c9a1.png: 2017-11-18 23:43:57.013540277 -07:00
build/images/mainsass-4b698b6c.png: 2017-11-18 23:43:51.014572446 -07:00
build/images/groom-9f92c300.png: 2017-11-18 23:43:50.034789739 -07:00
build/images/workbench-5951c6aa.png: 2017-11-18 23:43:53.245148170 -07:00
