---
build/images/workbench-5951c6aa.png: 2017-07-26 00:44:46.656815383 -06:00
build/images/settings-faa2fad8.png: 2017-07-26 00:44:44.084852648 -06:00
build/images/learning_pyramid-c444079f.png: 2017-07-26 00:44:48.372790542 -06:00
build/images/headshotsc-950d25ba.png: 2017-07-26 00:44:43.472861522 -06:00
build/images/cfr-805ab76e.png: 2017-07-26 00:45:22.592298906 -06:00
build/images/flow-c6be7190.png: 2017-07-26 00:44:50.344762018 -06:00
build/images/groom-9f92c300.png: 2017-07-26 00:44:46.828812891 -06:00
build/images/visuify-small-2870c9a1.png: 2017-07-26 00:44:55.568686571 -06:00
build/images/cardback-e8c25e0b.png: 2017-07-26 00:44:52.272734153 -06:00
build/images/bourbon-92c7aaf3.png: 2017-07-26 00:44:51.680742706 -06:00
build/images/cardfront-7684fc66.png: 2017-07-26 00:44:54.548701289 -06:00
build/images/visuify-2efbe892.png: 2017-07-26 00:45:32.584156652 -06:00
build/images/mainsass-4b698b6c.png: 2017-07-26 00:44:55.368689456 -06:00
