---
build/fonts/AdamicBee-c1ab4350.svg: 2017-07-27 17:08:32.000000000 -06:00
build/fonts/deseret-e633e398.svg: 2017-07-27 17:08:31.000000000 -06:00
build/fonts/fontawesome-webfont-2b3c8ba7.svg: 2017-07-27 17:08:32.000000000 -06:00
build/fonts/Huneybee-eb9cc034.svg: 2017-07-27 17:08:32.000000000 -06:00
build/images/bourbon-92c7aaf3.png: 2017-07-27 17:08:33.000000000 -06:00
build/images/cardback-e8c25e0b.png: 2017-07-27 17:08:36.000000000 -06:00
build/images/cardfront-7684fc66.png: 2017-07-27 17:08:36.000000000 -06:00
build/images/cfr-805ab76e.png: 2017-07-27 17:09:11.000000000 -06:00
build/images/flow-c6be7190.png: 2017-07-27 17:08:39.000000000 -06:00
build/images/groom-9f92c300.png: 2017-07-27 17:08:32.000000000 -06:00
build/images/headshotsc-950d25ba.png: 2017-07-27 17:08:32.000000000 -06:00
build/images/learning_pyramid-c444079f.png: 2017-07-27 17:08:39.000000000 -06:00
build/images/mainsass-4b698b6c.png: 2017-07-27 17:08:34.000000000 -06:00
build/images/settings-faa2fad8.png: 2017-07-27 17:08:34.000000000 -06:00
build/images/visuify-2efbe892.png: 2017-07-27 17:09:22.000000000 -06:00
build/images/visuify-small-2870c9a1.png: 2017-07-27 17:08:43.000000000 -06:00
build/images/workbench-5951c6aa.png: 2017-07-27 17:08:39.000000000 -06:00
