---
build/images/cardback-e8c25e0b.png: 2019-06-04 22:46:39.023615940 -06:00
build/images/cardfront-7684fc66.png: 2019-06-04 22:46:39.024229362 -06:00
build/images/lisboa-c5cb1b30.png: 2019-06-04 22:46:51.787036981 -06:00
build/images/pagespeed-4d8b6b12.png: 2019-06-04 22:47:09.569382795 -06:00
build/images/flow-c6be7190.png: 2019-06-04 22:46:39.026591414 -06:00
build/images/settings-faa2fad8.png: 2019-06-04 21:38:39.033923913 -06:00
build/images/bourbon-92c7aaf3.png: 2019-06-04 22:46:39.022990464 -06:00
build/images/headshotsc-950d25ba.png: 2019-06-04 21:38:38.254300437 -06:00
build/images/hn-no-reason-5c509607.png: 2019-06-04 22:47:02.620393575 -06:00
build/images/learning_pyramid-c444079f.png: 2019-06-04 22:46:39.028786032 -06:00
build/images/cfr-805ab76e.png: 2019-06-04 22:46:39.025676276 -06:00
build/images/visuify-2efbe892.png: 2019-06-04 22:46:39.034536398 -06:00
build/images/cathatsquaresmall-7ad03200.jpg: 2019-06-04 22:47:10.021855398 -06:00
build/images/visuify-small-2870c9a1.png: 2019-06-04 22:46:39.035547611 -06:00
build/images/mainsass-4b698b6c.png: 2019-06-04 21:39:01.073894235 -06:00
build/images/groom-9f92c300.png: 2019-06-04 21:38:59.507473294 -06:00
build/images/workbench-5951c6aa.png: 2019-06-04 21:39:04.143566361 -06:00
build/fonts/deseret-e633e398.svg: 2019-06-04 22:46:39.010900629 -06:00
build/fonts/fontawesome-webfont-2b3c8ba7.svg: 2019-06-04 22:46:39.013816641 -06:00
build/fonts/Huneybee-eb9cc034.svg: 2019-06-04 22:46:39.009433499 -06:00
build/fonts/AdamicBee-c1ab4350.svg: 2019-06-04 22:46:39.008053814 -06:00
