---
build/images/workbench-5951c6aa.png: 2019-02-10 01:51:10.304812095 -07:00
build/images/cathatsquaresmall-7ad03200.jpg: 2019-02-10 01:51:06.940854314 -07:00
build/images/flow-c6be7190.png: 2019-02-10 01:51:12.596783327 -07:00
build/images/groom-9f92c300.png: 2019-02-10 01:51:07.068852707 -07:00
build/images/visuify-small-2870c9a1.png: 2019-02-10 01:51:13.616770526 -07:00
build/images/visuify-2efbe892.png: 2019-02-10 01:51:48.292335454 -07:00
build/images/mainsass-4b698b6c.png: 2019-02-10 01:51:08.084839955 -07:00
build/images/learning_pyramid-c444079f.png: 2019-02-10 01:51:12.056790106 -07:00
build/images/cardback-e8c25e0b.png: 2019-02-10 01:51:10.160813900 -07:00
build/images/cfr-805ab76e.png: 2019-02-10 01:51:43.844391250 -07:00
build/images/lisboa-c5cb1b30.png: 2019-02-10 01:51:06.972853912 -07:00
build/images/headshotsc-950d25ba.png: 2019-02-10 01:51:07.028853211 -07:00
build/images/settings-faa2fad8.png: 2019-02-10 01:51:07.404848490 -07:00
build/images/cardfront-7684fc66.png: 2019-02-10 01:51:13.020778006 -07:00
build/images/bourbon-92c7aaf3.png: 2019-02-10 01:51:11.708794472 -07:00
build/images/pagespeed-4d8b6b12.png: 2019-02-10 01:51:24.696631487 -07:00
build/images/hn-no-reason-5c509607.png: 2019-02-10 01:51:18.728706374 -07:00
