---
build/images/cardback-e8c25e0b.png: 2017-11-18 17:42:37.357798275 -07:00
build/images/cardfront-7684fc66.png: 2017-11-18 17:42:37.171540442 -07:00
build/images/pagespeed-4d8b6b12.png: 2017-11-18 17:42:51.054258774 -07:00
build/images/flow-c6be7190.png: 2017-11-18 17:42:40.928820768 -07:00
build/images/settings-faa2fad8.png: 2017-11-18 17:42:33.469128610 -07:00
build/images/bourbon-92c7aaf3.png: 2017-11-18 17:42:35.012996097 -07:00
build/images/headshotsc-950d25ba.png: 2017-11-18 17:42:32.791642214 -07:00
build/images/hn-no-reason-5c509607.png: 2017-11-18 17:42:43.929891390 -07:00
build/images/learning_pyramid-c444079f.png: 2017-11-18 17:42:40.829250254 -07:00
build/images/cfr-805ab76e.png: 2017-11-18 17:43:18.921651026 -07:00
build/images/visuify-2efbe892.png: 2017-11-18 17:43:27.073416039 -07:00
build/images/visuify-small-2870c9a1.png: 2017-11-18 17:42:59.191884684 -07:00
build/images/mainsass-4b698b6c.png: 2017-11-18 17:42:52.302420659 -07:00
build/images/groom-9f92c300.png: 2017-11-18 17:42:51.217305240 -07:00
build/images/workbench-5951c6aa.png: 2017-11-18 17:42:54.811682040 -07:00
