---
build/images/cardback-e8c25e0b.png: 2017-11-19 15:23:14.460703360 -07:00
build/images/cardfront-7684fc66.png: 2017-11-19 15:23:14.294266884 -07:00
build/images/pagespeed-4d8b6b12.png: 2017-11-19 15:23:27.015320706 -07:00
build/images/flow-c6be7190.png: 2017-11-19 15:23:17.697851072 -07:00
build/images/settings-faa2fad8.png: 2017-11-19 15:23:11.075107539 -07:00
build/images/bourbon-92c7aaf3.png: 2017-11-19 15:23:12.359354716 -07:00
build/images/headshotsc-950d25ba.png: 2017-11-19 15:23:10.373165463 -07:00
build/images/hn-no-reason-5c509607.png: 2017-11-19 15:23:20.095391429 -07:00
build/images/learning_pyramid-c444079f.png: 2017-11-19 15:23:17.603718144 -07:00
build/images/cfr-805ab76e.png: 2017-11-19 15:23:53.527806792 -07:00
build/images/visuify-2efbe892.png: 2017-11-19 15:24:01.661107808 -07:00
build/images/visuify-small-2870c9a1.png: 2017-11-19 15:23:34.088847785 -07:00
build/images/mainsass-4b698b6c.png: 2017-11-19 15:23:28.090810914 -07:00
build/images/groom-9f92c300.png: 2017-11-19 15:23:27.171555150 -07:00
build/images/workbench-5951c6aa.png: 2017-11-19 15:23:30.333387393 -07:00
