---
build/images/cardback-e8c25e0b.png: 2019-08-01 15:12:01.497874593 -06:00
build/images/cardfront-7684fc66.png: 2019-08-01 15:12:01.331149677 -06:00
build/images/lisboa-c5cb1b30.png: 2019-08-01 15:11:56.491359753 -06:00
build/images/pagespeed-4d8b6b12.png: 2019-08-01 15:12:16.281342097 -06:00
build/images/flow-c6be7190.png: 2019-08-01 15:12:05.217830795 -06:00
build/images/settings-faa2fad8.png: 2019-08-01 15:12:02.309719389 -06:00
build/images/bourbon-92c7aaf3.png: 2019-08-01 15:12:03.759158852 -06:00
build/images/headshotsc-950d25ba.png: 2019-08-01 15:12:02.432113366 -06:00
build/images/hn-no-reason-5c509607.png: 2019-08-01 15:12:34.510248144 -06:00
build/images/learning_pyramid-c444079f.png: 2019-08-01 15:12:29.376333301 -06:00
build/images/cfr-805ab76e.png: 2019-08-01 15:13:16.125732769 -06:00
build/images/visuify-2efbe892.png: 2019-08-01 15:13:27.182328894 -06:00
build/images/cathatsquaresmall-7ad03200.jpg: 2019-08-01 15:12:29.637249662 -06:00
build/images/visuify-small-2870c9a1.png: 2019-08-01 15:12:46.757901641 -06:00
build/images/mainsass-4b698b6c.png: 2019-08-01 15:12:36.124464622 -06:00
build/images/groom-9f92c300.png: 2019-08-01 15:13:16.271068921 -06:00
build/images/workbench-5951c6aa.png: 2019-08-01 15:13:30.347449661 -06:00
