---
build/images/cardback-e8c25e0b.png: 2017-11-19 17:24:12.098091771 -07:00
build/images/cardfront-7684fc66.png: 2017-11-19 17:24:12.028791306 -07:00
build/images/pagespeed-4d8b6b12.png: 2017-11-19 17:24:25.886326868 -07:00
build/images/flow-c6be7190.png: 2017-11-19 17:24:15.653700581 -07:00
build/images/settings-faa2fad8.png: 2017-11-19 17:24:08.214242530 -07:00
build/images/bourbon-92c7aaf3.png: 2017-11-19 17:24:09.688097447 -07:00
build/images/headshotsc-950d25ba.png: 2017-11-19 17:24:07.515482194 -07:00
build/images/hn-no-reason-5c509607.png: 2017-11-19 17:24:18.330774526 -07:00
build/images/learning_pyramid-c444079f.png: 2017-11-19 17:24:15.416975064 -07:00
build/images/cfr-805ab76e.png: 2017-11-19 17:24:52.816871498 -07:00
build/images/visuify-2efbe892.png: 2017-11-19 17:25:00.572655476 -07:00
build/images/visuify-small-2870c9a1.png: 2017-11-19 17:24:33.472452628 -07:00
build/images/mainsass-4b698b6c.png: 2017-11-19 17:24:27.058659934 -07:00
build/images/groom-9f92c300.png: 2017-11-19 17:24:26.065405125 -07:00
build/images/workbench-5951c6aa.png: 2017-11-19 17:24:29.365177446 -07:00
