---
build/images/cardback-e8c25e0b.png: 2019-06-17 20:05:05.793998344 -06:00
build/images/cardfront-7684fc66.png: 2019-06-17 20:05:05.637421003 -06:00
build/images/lisboa-c5cb1b30.png: 2019-06-17 20:05:02.281834968 -06:00
build/images/pagespeed-4d8b6b12.png: 2019-06-17 20:05:19.017954529 -06:00
build/images/flow-c6be7190.png: 2019-06-17 20:05:09.041937358 -06:00
build/images/settings-faa2fad8.png: 2019-06-17 20:05:02.475730163 -06:00
build/images/bourbon-92c7aaf3.png: 2019-06-17 20:05:03.743441383 -06:00
build/images/headshotsc-950d25ba.png: 2019-06-17 20:05:01.787198832 -06:00
build/images/hn-no-reason-5c509607.png: 2019-06-17 20:05:12.161055089 -06:00
build/images/learning_pyramid-c444079f.png: 2019-06-17 20:05:11.806615738 -06:00
build/images/cfr-805ab76e.png: 2019-06-17 20:05:48.543423454 -06:00
build/images/visuify-2efbe892.png: 2019-06-17 20:05:56.700582700 -06:00
build/images/cathatsquaresmall-7ad03200.jpg: 2019-06-17 20:05:19.434965877 -06:00
build/images/visuify-small-2870c9a1.png: 2019-06-17 20:05:27.315840217 -06:00
build/images/mainsass-4b698b6c.png: 2019-06-17 20:05:20.541809663 -06:00
build/images/groom-9f92c300.png: 2019-06-17 20:05:19.202198287 -06:00
build/images/workbench-5951c6aa.png: 2019-06-17 20:05:22.990915848 -06:00
build/fonts/deseret-e633e398.svg: 2019-06-17 20:05:19.892447733 -06:00
build/fonts/fontawesome-webfont-2b3c8ba7.svg: 2019-06-17 20:05:20.604869002 -06:00
build/fonts/Huneybee-eb9cc034.svg: 2019-06-17 20:05:49.031818262 -06:00
build/fonts/AdamicBee-c1ab4350.svg: 2019-06-17 20:05:57.211419504 -06:00
