---
build/images/cardback-e8c25e0b.png: 2018-01-26 15:26:41.063352100 -07:00
build/images/cardfront-7684fc66.png: 2018-01-26 15:26:40.987188557 -07:00
build/images/pagespeed-4d8b6b12.png: 2018-01-26 15:26:53.663190439 -07:00
build/images/flow-c6be7190.png: 2018-01-26 15:26:44.422155267 -07:00
build/images/settings-faa2fad8.png: 2018-01-26 15:26:37.657082389 -07:00
build/images/bourbon-92c7aaf3.png: 2018-01-26 15:26:39.126214338 -07:00
build/images/headshotsc-950d25ba.png: 2018-01-26 15:26:36.928440277 -07:00
build/images/hn-no-reason-5c509607.png: 2018-01-26 15:26:46.997359713 -07:00
build/images/learning_pyramid-c444079f.png: 2018-01-26 15:26:44.282942244 -07:00
build/images/cfr-805ab76e.png: 2018-01-26 15:27:21.438074801 -07:00
build/images/visuify-2efbe892.png: 2018-01-26 15:27:29.032178354 -07:00
build/images/visuify-small-2870c9a1.png: 2018-01-26 15:27:01.308396169 -07:00
build/images/mainsass-4b698b6c.png: 2018-01-26 15:26:54.900601384 -07:00
build/images/groom-9f92c300.png: 2018-01-26 15:26:53.840386107 -07:00
build/images/workbench-5951c6aa.png: 2018-01-26 15:26:57.358859435 -07:00
