---
build/images/cardback-e8c25e0b.png: 2017-11-19 17:37:40.012133512 -07:00
build/images/cardfront-7684fc66.png: 2017-11-19 17:37:39.874725094 -07:00
build/images/pagespeed-4d8b6b12.png: 2017-11-19 17:37:51.923719434 -07:00
build/images/flow-c6be7190.png: 2017-11-19 17:37:43.044096681 -07:00
build/images/settings-faa2fad8.png: 2017-11-19 17:37:36.611523432 -07:00
build/images/bourbon-92c7aaf3.png: 2017-11-19 17:37:37.957412235 -07:00
build/images/headshotsc-950d25ba.png: 2017-11-19 17:37:36.008788534 -07:00
build/images/hn-no-reason-5c509607.png: 2017-11-19 17:37:45.531614156 -07:00
build/images/learning_pyramid-c444079f.png: 2017-11-19 17:37:42.951888457 -07:00
build/images/cfr-805ab76e.png: 2017-11-19 17:38:18.420113645 -07:00
build/images/visuify-2efbe892.png: 2017-11-19 17:38:25.927883891 -07:00
build/images/visuify-small-2870c9a1.png: 2017-11-19 17:37:59.176819881 -07:00
build/images/mainsass-4b698b6c.png: 2017-11-19 17:37:53.084707265 -07:00
build/images/groom-9f92c300.png: 2017-11-19 17:37:52.092145799 -07:00
build/images/workbench-5951c6aa.png: 2017-11-19 17:37:55.258426910 -07:00
