---
build/images/cardback-e8c25e0b.png: 2017-11-19 00:02:50.419272230 -07:00
build/images/cardfront-7684fc66.png: 2017-11-19 00:02:50.270375603 -07:00
build/images/pagespeed-4d8b6b12.png: 2017-11-19 00:03:02.891721854 -07:00
build/images/flow-c6be7190.png: 2017-11-19 00:02:53.558118038 -07:00
build/images/settings-faa2fad8.png: 2017-11-19 00:02:47.086441234 -07:00
build/images/bourbon-92c7aaf3.png: 2017-11-19 00:02:48.466430052 -07:00
build/images/headshotsc-950d25ba.png: 2017-11-19 00:02:46.387229182 -07:00
build/images/hn-no-reason-5c509607.png: 2017-11-19 00:02:55.971164615 -07:00
build/images/learning_pyramid-c444079f.png: 2017-11-19 00:02:53.357227702 -07:00
build/images/cfr-805ab76e.png: 2017-11-19 00:03:29.377671084 -07:00
build/images/visuify-2efbe892.png: 2017-11-19 00:03:36.736489126 -07:00
build/images/visuify-small-2870c9a1.png: 2017-11-19 00:03:10.307254688 -07:00
build/images/mainsass-4b698b6c.png: 2017-11-19 00:03:04.019519161 -07:00
build/images/groom-9f92c300.png: 2017-11-19 00:03:03.063056791 -07:00
build/images/workbench-5951c6aa.png: 2017-11-19 00:03:06.395171283 -07:00
