---
build/images/cardback-e8c25e0b.png: 2019-06-17 18:03:31.289956214 -06:00
build/images/cardfront-7684fc66.png: 2019-06-17 18:03:31.183051185 -06:00
build/images/lisboa-c5cb1b30.png: 2019-06-17 18:03:27.880335404 -06:00
build/images/pagespeed-4d8b6b12.png: 2019-06-17 18:03:44.447944301 -06:00
build/images/flow-c6be7190.png: 2019-06-17 18:03:34.644286018 -06:00
build/images/settings-faa2fad8.png: 2019-06-17 18:03:28.122470406 -06:00
build/images/bourbon-92c7aaf3.png: 2019-06-17 18:03:29.395179736 -06:00
build/images/headshotsc-950d25ba.png: 2019-06-17 18:03:27.402150441 -06:00
build/images/hn-no-reason-5c509607.png: 2019-06-17 18:03:37.626589076 -06:00
build/images/learning_pyramid-c444079f.png: 2019-06-17 18:03:37.417142122 -06:00
build/images/cfr-805ab76e.png: 2019-06-17 18:04:14.007057545 -06:00
build/images/visuify-2efbe892.png: 2019-06-17 18:04:22.720894066 -06:00
build/images/cathatsquaresmall-7ad03200.jpg: 2019-06-17 18:03:44.885973909 -06:00
build/images/visuify-small-2870c9a1.png: 2019-06-17 18:03:52.637684318 -06:00
build/images/mainsass-4b698b6c.png: 2019-06-17 18:03:45.991426475 -06:00
build/images/groom-9f92c300.png: 2019-06-17 18:03:44.681862517 -06:00
build/images/workbench-5951c6aa.png: 2019-06-17 18:03:48.397081398 -06:00
build/fonts/deseret-e633e398.svg: 2019-06-17 18:03:45.340827087 -06:00
build/fonts/fontawesome-webfont-2b3c8ba7.svg: 2019-06-17 18:03:46.078763602 -06:00
build/fonts/Huneybee-eb9cc034.svg: 2019-06-17 18:04:14.796747544 -06:00
build/fonts/AdamicBee-c1ab4350.svg: 2019-06-17 18:04:23.255899870 -06:00
