---
build/images/cardback-e8c25e0b.png: 2017-11-18 18:29:18.759675563 -07:00
build/images/cardfront-7684fc66.png: 2017-11-18 18:29:18.634331237 -07:00
build/images/pagespeed-4d8b6b12.png: 2017-11-18 18:29:30.871956396 -07:00
build/images/flow-c6be7190.png: 2017-11-18 18:29:21.909900989 -07:00
build/images/settings-faa2fad8.png: 2017-11-18 18:29:15.439754333 -07:00
build/images/bourbon-92c7aaf3.png: 2017-11-18 18:29:16.733690931 -07:00
build/images/headshotsc-950d25ba.png: 2017-11-18 18:29:14.774566195 -07:00
build/images/hn-no-reason-5c509607.png: 2017-11-18 18:29:24.341029020 -07:00
build/images/learning_pyramid-c444079f.png: 2017-11-18 18:29:21.917109034 -07:00
build/images/cfr-805ab76e.png: 2017-11-18 18:29:58.383429426 -07:00
build/images/visuify-2efbe892.png: 2017-11-18 18:30:05.901535705 -07:00
build/images/visuify-small-2870c9a1.png: 2017-11-18 18:29:38.534462492 -07:00
build/images/mainsass-4b698b6c.png: 2017-11-18 18:29:32.073488341 -07:00
build/images/groom-9f92c300.png: 2017-11-18 18:29:31.037193384 -07:00
build/images/workbench-5951c6aa.png: 2017-11-18 18:29:34.477264013 -07:00
