---
build/images/bourbon.png: 2021-12-12 17:57:15.000000000 -07:00
build/images/cardback.png: 2021-12-12 17:57:16.000000000 -07:00
build/images/cardfront.png: 2021-12-12 17:57:16.000000000 -07:00
build/images/cfr.png: 2021-12-12 17:57:44.000000000 -07:00
build/images/flow.png: 2021-12-12 17:57:18.000000000 -07:00
build/images/headshotsc.png: 2021-12-12 17:57:13.000000000 -07:00
build/images/hn-no-reason.png: 2021-12-12 17:57:19.000000000 -07:00
build/images/learning_pyramid.png: 2021-12-12 17:57:17.000000000 -07:00
build/images/mainsass.png: 2021-12-12 17:57:14.000000000 -07:00
build/images/meopt.jpg: 2021-12-12 17:57:13.000000000 -07:00
build/images/pagespeed.png: 2021-12-12 17:57:25.000000000 -07:00
build/images/pusher.png: 2021-12-12 17:57:30.000000000 -07:00
build/images/settings.png: 2021-12-12 17:57:14.000000000 -07:00
build/images/visuify-small.png: 2021-12-12 17:57:20.000000000 -07:00
build/images/workbench.png: 2021-12-12 17:57:16.000000000 -07:00
