---
build/images/workbench-5951c6aa.png: 2019-03-23 10:55:58.453362269 -06:00
build/images/cathatsquaresmall-7ad03200.jpg: 2019-03-23 10:55:55.109405127 -06:00
build/images/flow-c6be7190.png: 2019-03-23 10:56:00.385337725 -06:00
build/images/groom-9f92c300.png: 2019-03-23 10:55:55.209403839 -06:00
build/images/visuify-small-2870c9a1.png: 2019-03-23 10:56:01.469324025 -06:00
build/images/visuify-2efbe892.png: 2019-03-23 10:56:33.932934800 -06:00
build/images/mainsass-4b698b6c.png: 2019-03-23 10:55:56.245390513 -06:00
build/images/learning_pyramid-c444079f.png: 2019-03-23 10:55:59.705346346 -06:00
build/images/cardback-e8c25e0b.png: 2019-03-23 10:55:58.781358088 -06:00
build/images/cfr-805ab76e.png: 2019-03-23 10:56:30.304976422 -06:00
build/images/lisboa-c5cb1b30.png: 2019-03-23 10:55:55.109405127 -06:00
build/images/headshotsc-950d25ba.png: 2019-03-23 10:55:55.145404663 -06:00
build/images/settings-faa2fad8.png: 2019-03-23 10:55:55.773396578 -06:00
build/images/cardfront-7684fc66.png: 2019-03-23 10:56:01.181327658 -06:00
build/images/bourbon-92c7aaf3.png: 2019-03-23 10:56:00.093341422 -06:00
build/images/pagespeed-4d8b6b12.png: 2019-03-23 10:56:11.977193698 -06:00
build/images/hn-no-reason-5c509607.png: 2019-03-23 10:56:06.293263640 -06:00
