---
build/images/cardback-e8c25e0b.png: 2019-06-17 20:14:12.061946896 -06:00
build/images/cardfront-7684fc66.png: 2019-06-17 20:14:11.929611818 -06:00
build/images/lisboa-c5cb1b30.png: 2019-06-17 20:14:08.554834314 -06:00
build/images/pagespeed-4d8b6b12.png: 2019-06-17 20:14:25.331812693 -06:00
build/images/flow-c6be7190.png: 2019-06-17 20:14:15.265705713 -06:00
build/images/settings-faa2fad8.png: 2019-06-17 20:14:08.821947308 -06:00
build/images/bourbon-92c7aaf3.png: 2019-06-17 20:14:10.112071605 -06:00
build/images/headshotsc-950d25ba.png: 2019-06-17 20:14:08.184469454 -06:00
build/images/hn-no-reason-5c509607.png: 2019-06-17 20:14:18.337256662 -06:00
build/images/learning_pyramid-c444079f.png: 2019-06-17 20:14:18.258579971 -06:00
build/images/cfr-805ab76e.png: 2019-06-17 20:14:54.540731031 -06:00
build/images/visuify-2efbe892.png: 2019-06-17 20:15:02.558914516 -06:00
build/images/cathatsquaresmall-7ad03200.jpg: 2019-06-17 20:14:25.826204060 -06:00
build/images/visuify-small-2870c9a1.png: 2019-06-17 20:14:33.634448293 -06:00
build/images/mainsass-4b698b6c.png: 2019-06-17 20:14:26.916655080 -06:00
build/images/groom-9f92c300.png: 2019-06-17 20:14:25.549314225 -06:00
build/images/workbench-5951c6aa.png: 2019-06-17 20:14:29.317865495 -06:00
build/fonts/deseret-e633e398.svg: 2019-06-17 20:14:26.133201463 -06:00
build/fonts/fontawesome-webfont-2b3c8ba7.svg: 2019-06-17 20:14:27.001940846 -06:00
build/fonts/Huneybee-eb9cc034.svg: 2019-06-17 20:14:55.039907662 -06:00
build/fonts/AdamicBee-c1ab4350.svg: 2019-06-17 20:15:03.071671089 -06:00
