---
build/images/workbench-5951c6aa.png: 2019-02-10 00:04:19.259838679 -07:00
build/images/cathatsquaresmall-7ad03200.jpg: 2019-02-10 00:04:16.363874305 -07:00
build/images/flow-c6be7190.png: 2019-02-10 00:04:22.027804628 -07:00
build/images/groom-9f92c300.png: 2019-02-10 00:04:16.443873321 -07:00
build/images/visuify-small-2870c9a1.png: 2019-02-10 00:04:23.271789322 -07:00
build/images/visuify-2efbe892.png: 2019-02-10 00:04:57.343370155 -07:00
build/images/mainsass-4b698b6c.png: 2019-02-10 00:04:17.323862495 -07:00
build/images/learning_pyramid-c444079f.png: 2019-02-10 00:04:21.507811025 -07:00
build/images/cardback-e8c25e0b.png: 2019-02-10 00:04:20.147827756 -07:00
build/images/cfr-805ab76e.png: 2019-02-10 00:04:53.483417645 -07:00
build/images/lisboa-c5cb1b30.png: 2019-02-10 00:04:16.371874206 -07:00
build/images/headshotsc-950d25ba.png: 2019-02-10 00:04:16.415873665 -07:00
build/images/settings-faa2fad8.png: 2019-02-10 00:04:17.023866185 -07:00
build/images/cardfront-7684fc66.png: 2019-02-10 00:04:22.359800541 -07:00
build/images/bourbon-92c7aaf3.png: 2019-02-10 00:04:20.623821901 -07:00
build/images/pagespeed-4d8b6b12.png: 2019-02-10 00:04:34.351653019 -07:00
build/images/hn-no-reason-5c509607.png: 2019-02-10 00:04:28.375726536 -07:00
