---
build/images/cardfront-7684fc66.png: 2018-01-18 22:49:06.876736600 -07:00
build/images/groom-9f92c300.png: 2018-01-18 22:49:03.760776713 -07:00
build/images/hn-no-reason-5c509607.png: 2018-01-18 22:49:11.656675066 -07:00
build/images/pagespeed-4d8b6b12.png: 2018-01-18 22:49:16.884607764 -07:00
build/images/visuify-small-2870c9a1.png: 2018-01-18 22:49:13.936645714 -07:00
build/images/settings-faa2fad8.png: 2018-01-18 22:49:07.776725014 -07:00
build/images/cardback-e8c25e0b.png: 2018-01-18 22:49:11.544676507 -07:00
build/images/workbench-5951c6aa.png: 2018-01-18 22:49:14.136643139 -07:00
build/images/visuify-2efbe892.png: 2018-01-18 22:49:58.476072330 -07:00
build/images/learning_pyramid-c444079f.png: 2018-01-18 22:49:22.136540153 -07:00
build/images/bourbon-92c7aaf3.png: 2018-01-18 22:49:18.388588402 -07:00
build/images/flow-c6be7190.png: 2018-01-18 22:49:22.272538402 -07:00
build/images/cfr-805ab76e.png: 2018-01-18 22:49:56.236101166 -07:00
build/images/headshotsc-950d25ba.png: 2018-01-18 22:49:58.540071506 -07:00
build/images/mainsass-4b698b6c.png: 2018-01-18 22:49:59.152063628 -07:00
