---
build/images/cardback-e8c25e0b.png: 2017-11-18 18:34:01.300496221 -07:00
build/images/cardfront-7684fc66.png: 2017-11-18 18:34:01.166633921 -07:00
build/images/pagespeed-4d8b6b12.png: 2017-11-18 18:34:13.505691641 -07:00
build/images/flow-c6be7190.png: 2017-11-18 18:34:04.315265411 -07:00
build/images/settings-faa2fad8.png: 2017-11-18 18:33:57.929163455 -07:00
build/images/bourbon-92c7aaf3.png: 2017-11-18 18:33:59.273241280 -07:00
build/images/headshotsc-950d25ba.png: 2017-11-18 18:33:57.360294262 -07:00
build/images/hn-no-reason-5c509607.png: 2017-11-18 18:34:06.926717215 -07:00
build/images/learning_pyramid-c444079f.png: 2017-11-18 18:34:04.237260980 -07:00
build/images/cfr-805ab76e.png: 2017-11-18 18:34:39.560056909 -07:00
build/images/visuify-2efbe892.png: 2017-11-18 18:34:46.866175324 -07:00
build/images/visuify-small-2870c9a1.png: 2017-11-18 18:34:20.716586151 -07:00
build/images/mainsass-4b698b6c.png: 2017-11-18 18:34:14.621944468 -07:00
build/images/groom-9f92c300.png: 2017-11-18 18:34:13.679629750 -07:00
build/images/workbench-5951c6aa.png: 2017-11-18 18:34:16.903110892 -07:00
