---
build/images/cardback-e8c25e0b.png: 2019-06-17 17:29:06.567026275 -06:00
build/images/cardfront-7684fc66.png: 2019-06-17 17:29:06.422027350 -06:00
build/images/lisboa-c5cb1b30.png: 2019-06-17 17:29:03.102637959 -06:00
build/images/pagespeed-4d8b6b12.png: 2019-06-17 17:29:20.048312861 -06:00
build/images/flow-c6be7190.png: 2019-06-17 17:29:09.789801288 -06:00
build/images/settings-faa2fad8.png: 2019-06-17 17:29:03.188190363 -06:00
build/images/bourbon-92c7aaf3.png: 2019-06-17 17:29:04.519020805 -06:00
build/images/headshotsc-950d25ba.png: 2019-06-17 17:29:02.479810802 -06:00
build/images/hn-no-reason-5c509607.png: 2019-06-17 17:29:13.109587455 -06:00
build/images/learning_pyramid-c444079f.png: 2019-06-17 17:29:12.784085433 -06:00
build/images/cfr-805ab76e.png: 2019-06-17 17:29:49.395866138 -06:00
build/images/visuify-2efbe892.png: 2019-06-17 17:29:57.664976729 -06:00
build/images/cathatsquaresmall-7ad03200.jpg: 2019-06-17 17:29:20.486477890 -06:00
build/images/visuify-small-2870c9a1.png: 2019-06-17 17:29:28.317461148 -06:00
build/images/mainsass-4b698b6c.png: 2019-06-17 17:29:21.664740530 -06:00
build/images/groom-9f92c300.png: 2019-06-17 17:29:20.268011775 -06:00
build/images/workbench-5951c6aa.png: 2019-06-17 17:29:24.118827981 -06:00
build/fonts/deseret-e633e398.svg: 2019-06-17 17:29:21.285561166 -06:00
build/fonts/fontawesome-webfont-2b3c8ba7.svg: 2019-06-17 17:29:21.907662955 -06:00
build/fonts/Huneybee-eb9cc034.svg: 2019-06-17 17:29:49.911342263 -06:00
build/fonts/AdamicBee-c1ab4350.svg: 2019-06-17 17:29:58.219133791 -06:00
