---
build/images/cardback-e8c25e0b.png: 2017-11-19 16:05:47.370438821 -07:00
build/images/cardfront-7684fc66.png: 2017-11-19 16:05:47.245269706 -07:00
build/images/pagespeed-4d8b6b12.png: 2017-11-19 16:06:00.428391760 -07:00
build/images/flow-c6be7190.png: 2017-11-19 16:05:50.708984037 -07:00
build/images/settings-faa2fad8.png: 2017-11-19 16:05:43.570298483 -07:00
build/images/bourbon-92c7aaf3.png: 2017-11-19 16:05:44.989373384 -07:00
build/images/headshotsc-950d25ba.png: 2017-11-19 16:05:42.948853301 -07:00
build/images/hn-no-reason-5c509607.png: 2017-11-19 16:05:53.292684336 -07:00
build/images/learning_pyramid-c444079f.png: 2017-11-19 16:05:50.521110636 -07:00
build/images/cfr-805ab76e.png: 2017-11-19 16:06:27.900488416 -07:00
build/images/visuify-2efbe892.png: 2017-11-19 16:06:36.671617273 -07:00
build/images/visuify-small-2870c9a1.png: 2017-11-19 16:06:08.179187641 -07:00
build/images/mainsass-4b698b6c.png: 2017-11-19 16:06:01.711067828 -07:00
build/images/groom-9f92c300.png: 2017-11-19 16:06:00.674850967 -07:00
build/images/workbench-5951c6aa.png: 2017-11-19 16:06:04.002006043 -07:00
