---
build/images/workbench-5951c6aa.png: 2019-02-10 00:26:55.691087101 -07:00
build/images/cathatsquaresmall-7ad03200.jpg: 2019-02-10 00:26:52.863122134 -07:00
build/images/flow-c6be7190.png: 2019-02-10 00:26:58.671050183 -07:00
build/images/groom-9f92c300.png: 2019-02-10 00:26:53.027120102 -07:00
build/images/visuify-small-2870c9a1.png: 2019-02-10 00:27:00.123032197 -07:00
build/images/visuify-2efbe892.png: 2019-02-10 00:27:34.582605380 -07:00
build/images/mainsass-4b698b6c.png: 2019-02-10 00:26:54.095106870 -07:00
build/images/learning_pyramid-c444079f.png: 2019-02-10 00:26:57.687062375 -07:00
build/images/cardback-e8c25e0b.png: 2019-02-10 00:26:56.331079171 -07:00
build/images/cfr-805ab76e.png: 2019-02-10 00:27:30.346657841 -07:00
build/images/lisboa-c5cb1b30.png: 2019-02-10 00:26:52.907121589 -07:00
build/images/headshotsc-950d25ba.png: 2019-02-10 00:26:52.971120795 -07:00
build/images/settings-faa2fad8.png: 2019-02-10 00:26:53.571113363 -07:00
build/images/cardfront-7684fc66.png: 2019-02-10 00:26:58.899047360 -07:00
build/images/bourbon-92c7aaf3.png: 2019-02-10 00:26:57.619063216 -07:00
build/images/pagespeed-4d8b6b12.png: 2019-02-10 00:27:11.378892769 -07:00
build/images/hn-no-reason-5c509607.png: 2019-02-10 00:27:04.918972788 -07:00
