---
build/images/cardfront-7684fc66.png: 2018-01-18 23:17:13.478644512 -07:00
build/images/groom-9f92c300.png: 2018-01-18 23:17:10.398684469 -07:00
build/images/hn-no-reason-5c509607.png: 2018-01-18 23:17:17.710589611 -07:00
build/images/pagespeed-4d8b6b12.png: 2018-01-18 23:17:23.834510166 -07:00
build/images/visuify-small-2870c9a1.png: 2018-01-18 23:17:20.010559773 -07:00
build/images/settings-faa2fad8.png: 2018-01-18 23:17:13.890639167 -07:00
build/images/cardback-e8c25e0b.png: 2018-01-18 23:17:16.706602636 -07:00
build/images/workbench-5951c6aa.png: 2018-01-18 23:17:20.178557594 -07:00
build/images/visuify-2efbe892.png: 2018-01-18 23:18:03.853991047 -07:00
build/images/learning_pyramid-c444079f.png: 2018-01-18 23:17:28.162454021 -07:00
build/images/bourbon-92c7aaf3.png: 2018-01-18 23:17:25.782484895 -07:00
build/images/flow-c6be7190.png: 2018-01-18 23:17:29.082442086 -07:00
build/images/cfr-805ab76e.png: 2018-01-18 23:18:03.074001164 -07:00
build/images/headshotsc-950d25ba.png: 2018-01-18 23:18:03.913990268 -07:00
build/images/mainsass-4b698b6c.png: 2018-01-18 23:18:04.521982384 -07:00
