---
build/images/cardback-e8c25e0b.png: 2018-03-05 00:09:02.120700451 -07:00
build/images/cardfront-7684fc66.png: 2018-03-05 00:09:01.963477712 -07:00
build/images/pagespeed-4d8b6b12.png: 2018-03-05 00:09:14.036348901 -07:00
build/images/flow-c6be7190.png: 2018-03-05 00:09:05.129240796 -07:00
build/images/settings-faa2fad8.png: 2018-03-05 00:08:58.660821914 -07:00
build/images/bourbon-92c7aaf3.png: 2018-03-05 00:09:00.112279114 -07:00
build/images/headshotsc-950d25ba.png: 2018-03-05 00:08:58.002444232 -07:00
build/images/hn-no-reason-5c509607.png: 2018-03-05 00:09:07.511717906 -07:00
build/images/learning_pyramid-c444079f.png: 2018-03-05 00:09:04.948722826 -07:00
build/images/cfr-805ab76e.png: 2018-03-05 00:09:40.220475551 -07:00
build/images/visuify-2efbe892.png: 2018-03-05 00:09:47.411855735 -07:00
build/images/visuify-small-2870c9a1.png: 2018-03-05 00:09:21.250076868 -07:00
build/images/mainsass-4b698b6c.png: 2018-03-05 00:09:15.187572613 -07:00
build/images/groom-9f92c300.png: 2018-03-05 00:09:14.201611233 -07:00
build/images/workbench-5951c6aa.png: 2018-03-05 00:09:17.535202345 -07:00
