---
build/images/workbench-5951c6aa.png: 2019-02-10 00:57:25.380795117 -07:00
build/images/cathatsquaresmall-7ad03200.jpg: 2019-02-10 00:57:22.420828702 -07:00
build/images/flow-c6be7190.png: 2019-02-10 00:57:28.116764060 -07:00
build/images/groom-9f92c300.png: 2019-02-10 00:57:22.524827522 -07:00
build/images/visuify-small-2870c9a1.png: 2019-02-10 00:57:29.428749165 -07:00
build/images/visuify-2efbe892.png: 2019-02-10 00:58:03.816357754 -07:00
build/images/mainsass-4b698b6c.png: 2019-02-10 00:57:23.176820128 -07:00
build/images/learning_pyramid-c444079f.png: 2019-02-10 00:57:27.844767150 -07:00
build/images/cardback-e8c25e0b.png: 2019-02-10 00:57:25.900789218 -07:00
build/images/cfr-805ab76e.png: 2019-02-10 00:57:59.860402873 -07:00
build/images/lisboa-c5cb1b30.png: 2019-02-10 00:57:22.444828432 -07:00
build/images/headshotsc-950d25ba.png: 2019-02-10 00:57:22.516827615 -07:00
build/images/settings-faa2fad8.png: 2019-02-10 00:57:23.064821396 -07:00
build/images/cardfront-7684fc66.png: 2019-02-10 00:57:28.192763199 -07:00
build/images/bourbon-92c7aaf3.png: 2019-02-10 00:57:26.920777640 -07:00
build/images/pagespeed-4d8b6b12.png: 2019-02-10 00:57:40.408624388 -07:00
build/images/hn-no-reason-5c509607.png: 2019-02-10 00:57:34.304693778 -07:00
