---
build/images/cardback-e8c25e0b.png: 2018-08-19 14:03:22.992419281 -06:00
build/images/cardfront-7684fc66.png: 2018-08-19 14:03:22.806003813 -06:00
build/images/lisboa-c5cb1b30.png: 2018-08-19 14:03:19.678370807 -06:00
build/images/pagespeed-4d8b6b12.png: 2018-08-19 14:03:35.913566739 -06:00
build/images/flow-c6be7190.png: 2018-08-19 14:03:25.958707148 -06:00
build/images/settings-faa2fad8.png: 2018-08-19 14:03:19.508671353 -06:00
build/images/bourbon-92c7aaf3.png: 2018-08-19 14:03:20.971856464 -06:00
build/images/headshotsc-950d25ba.png: 2018-08-19 14:03:18.892858847 -06:00
build/images/hn-no-reason-5c509607.png: 2018-08-19 14:03:29.312800526 -06:00
build/images/learning_pyramid-c444079f.png: 2018-08-19 14:03:28.957752742 -06:00
build/images/cfr-805ab76e.png: 2018-08-19 14:04:04.228250908 -06:00
build/images/visuify-2efbe892.png: 2018-08-19 14:04:11.885224149 -06:00
build/images/cathatsquaresmall-7ad03200.jpg: 2018-08-19 14:03:36.263302358 -06:00
build/images/visuify-small-2870c9a1.png: 2018-08-19 14:03:43.670876204 -06:00
build/images/mainsass-4b698b6c.png: 2018-08-19 14:03:37.104386171 -06:00
build/images/groom-9f92c300.png: 2018-08-19 14:03:36.098615672 -06:00
build/images/workbench-5951c6aa.png: 2018-08-19 14:03:39.622446482 -06:00
