---
build/images/workbench-5951c6aa.png: 2019-02-10 00:42:25.963587870 -07:00
build/images/cathatsquaresmall-7ad03200.jpg: 2019-02-10 00:42:23.119622982 -07:00
build/images/flow-c6be7190.png: 2019-02-10 00:42:28.811552707 -07:00
build/images/groom-9f92c300.png: 2019-02-10 00:42:23.239621501 -07:00
build/images/visuify-small-2870c9a1.png: 2019-02-10 00:42:30.231535177 -07:00
build/images/visuify-2efbe892.png: 2019-02-10 00:43:05.343101693 -07:00
build/images/mainsass-4b698b6c.png: 2019-02-10 00:42:24.263608858 -07:00
build/images/learning_pyramid-c444079f.png: 2019-02-10 00:42:27.823564905 -07:00
build/images/cardback-e8c25e0b.png: 2019-02-10 00:42:26.415582289 -07:00
build/images/cfr-805ab76e.png: 2019-02-10 00:43:00.879156803 -07:00
build/images/lisboa-c5cb1b30.png: 2019-02-10 00:42:23.147622637 -07:00
build/images/headshotsc-950d25ba.png: 2019-02-10 00:42:23.223621698 -07:00
build/images/settings-faa2fad8.png: 2019-02-10 00:42:23.803614537 -07:00
build/images/cardfront-7684fc66.png: 2019-02-10 00:42:28.891551720 -07:00
build/images/bourbon-92c7aaf3.png: 2019-02-10 00:42:27.611567523 -07:00
build/images/pagespeed-4d8b6b12.png: 2019-02-10 00:42:41.187399915 -07:00
build/images/hn-no-reason-5c509607.png: 2019-02-10 00:42:35.031475915 -07:00
