---
build/images/cardback-e8c25e0b.png: 2017-11-18 19:44:52.404204583 -07:00
build/images/cardfront-7684fc66.png: 2017-11-18 19:44:52.303413851 -07:00
build/images/pagespeed-4d8b6b12.png: 2017-11-18 19:45:04.538808185 -07:00
build/images/flow-c6be7190.png: 2017-11-18 19:44:55.363902816 -07:00
build/images/settings-faa2fad8.png: 2017-11-18 19:44:49.020555889 -07:00
build/images/bourbon-92c7aaf3.png: 2017-11-18 19:44:50.364489047 -07:00
build/images/headshotsc-950d25ba.png: 2017-11-18 19:44:48.420277788 -07:00
build/images/hn-no-reason-5c509607.png: 2017-11-18 19:44:58.004312410 -07:00
build/images/learning_pyramid-c444079f.png: 2017-11-18 19:44:55.324201557 -07:00
build/images/cfr-805ab76e.png: 2017-11-18 19:45:31.432134014 -07:00
build/images/visuify-2efbe892.png: 2017-11-18 19:45:38.765506852 -07:00
build/images/visuify-small-2870c9a1.png: 2017-11-18 19:45:12.165777921 -07:00
build/images/mainsass-4b698b6c.png: 2017-11-18 19:45:05.749491283 -07:00
build/images/groom-9f92c300.png: 2017-11-18 19:45:04.705183466 -07:00
build/images/workbench-5951c6aa.png: 2017-11-18 19:45:08.128919880 -07:00
