---
build/images/pusher.png: 2023-11-13 01:31:03.254801709 -07:00
build/images/headshotsc.png: 2023-11-13 01:30:44.844801760 -07:00
build/images/headshotMonsteraSquareSmall.jpeg: 2023-11-13 01:30:44.814801760 -07:00
build/images/hn-no-reason.png: 2023-11-13 01:30:51.584801743 -07:00
build/images/settings.png: 2023-11-13 01:30:45.304801760 -07:00
build/images/flow.png: 2023-11-13 01:30:49.694801752 -07:00
build/images/learning_pyramid.png: 2023-11-13 01:30:49.254801754 -07:00
build/images/cardfront.png: 2023-11-13 01:30:47.694801759 -07:00
build/images/bourbon.png: 2023-11-13 01:30:46.284801760 -07:00
build/images/cardback.png: 2023-11-13 01:30:47.794801759 -07:00
build/images/visuify-small.png: 2023-11-13 01:30:51.974801741 -07:00
build/images/mainsass.png: 2023-11-13 01:30:45.744801760 -07:00
build/images/workbench.png: 2023-11-13 01:30:47.954801759 -07:00
build/images/pagespeed.png: 2023-11-13 01:30:57.504801719 -07:00
build/images/cfr.png: 2023-11-13 01:31:19.494799906 -07:00
build/images/meopt.jpg: 2023-11-13 01:30:44.804801760 -07:00
