---
build/images/workbench-5951c6aa.png: 2019-03-13 21:13:32.058938434 -06:00
build/images/cathatsquaresmall-7ad03200.jpg: 2019-03-13 21:13:28.266985817 -06:00
build/images/flow-c6be7190.png: 2019-03-13 21:13:34.078913195 -06:00
build/images/groom-9f92c300.png: 2019-03-13 21:13:28.362984618 -06:00
build/images/visuify-small-2870c9a1.png: 2019-03-13 21:13:35.370897050 -06:00
build/images/visuify-2efbe892.png: 2019-03-13 21:14:09.830466333 -06:00
build/images/mainsass-4b698b6c.png: 2019-03-13 21:13:29.190974272 -06:00
build/images/learning_pyramid-c444079f.png: 2019-03-13 21:13:32.598931686 -06:00
build/images/cardback-e8c25e0b.png: 2019-03-13 21:13:32.034938734 -06:00
build/images/cfr-805ab76e.png: 2019-03-13 21:14:05.722517688 -06:00
build/images/lisboa-c5cb1b30.png: 2019-03-13 21:13:28.302985367 -06:00
build/images/headshotsc-950d25ba.png: 2019-03-13 21:13:28.346984817 -06:00
build/images/settings-faa2fad8.png: 2019-03-13 21:13:28.922977623 -06:00
build/images/cardfront-7684fc66.png: 2019-03-13 21:13:34.926902595 -06:00
build/images/bourbon-92c7aaf3.png: 2019-03-13 21:13:33.450921040 -06:00
build/images/pagespeed-4d8b6b12.png: 2019-03-13 21:13:46.650756082 -06:00
build/images/hn-no-reason-5c509607.png: 2019-03-13 21:13:40.534832517 -06:00
