---
build/images/bourbon-92c7aaf3.png: 2017-10-22 16:18:18.000000000 -06:00
build/images/cardback-e8c25e0b.png: 2017-10-22 16:18:22.000000000 -06:00
build/images/cardfront-7684fc66.png: 2017-10-22 16:18:22.000000000 -06:00
build/images/cfr-805ab76e.png: 2017-10-22 16:18:56.000000000 -06:00
build/images/flow-c6be7190.png: 2017-10-22 16:18:25.000000000 -06:00
build/images/groom-9f92c300.png: 2017-10-22 16:18:17.000000000 -06:00
build/images/headshotsc-950d25ba.png: 2017-10-22 16:18:17.000000000 -06:00
build/images/learning_pyramid-c444079f.png: 2017-10-22 16:18:25.000000000 -06:00
build/images/mainsass-4b698b6c.png: 2017-10-22 16:18:19.000000000 -06:00
build/images/pagespeed-4d8b6b12.png: 2017-10-22 16:18:35.000000000 -06:00
build/images/settings-faa2fad8.png: 2017-10-22 16:18:20.000000000 -06:00
build/images/visuify-2efbe892.png: 2017-10-22 16:19:07.000000000 -06:00
build/images/visuify-small-2870c9a1.png: 2017-10-22 16:18:29.000000000 -06:00
build/images/workbench-5951c6aa.png: 2017-10-22 16:18:26.000000000 -06:00
