---
build/images/me.jpg: 2019-08-12 13:15:33.875516406 -06:00
build/images/pagespeed.png: 2019-08-08 18:11:40.617654838 -06:00
build/images/mainsass.png: 2019-08-08 18:11:27.407594100 -06:00
build/images/groom.png: 2019-08-08 18:11:25.834407791 -06:00
build/images/settings.png: 2019-08-08 18:11:26.589303220 -06:00
build/images/headshotsc.png: 2019-08-08 18:11:26.723673010 -06:00
build/images/visuify.png: 2019-08-08 18:12:34.378542088 -06:00
build/images/bourbon.png: 2019-08-08 18:11:42.975052105 -06:00
build/images/visuify-small.png: 2019-08-08 18:11:53.446414410 -06:00
build/images/hn-no-reason.png: 2019-08-08 18:11:53.682738434 -06:00
build/images/learning_pyramid.png: 2019-08-08 18:11:51.385989922 -06:00
build/images/pusher.png: 2019-08-12 16:15:28.026094620 -06:00
build/images/cardfront.png: 2019-08-08 18:12:40.947679216 -06:00
build/images/lisboa.png: 2019-08-08 18:12:34.950581409 -06:00
build/images/workbench.png: 2019-08-08 18:12:41.693256286 -06:00
build/images/me2.jpg: 2019-08-12 13:31:47.423655709 -06:00
build/images/cfr.png: 2019-08-08 18:13:31.160152025 -06:00
build/images/flow.png: 2019-08-08 18:12:46.861965213 -06:00
build/images/cardback.png: 2019-08-08 18:12:47.191035216 -06:00
build/images/cathatsquaresmall.jpg: 2019-08-08 18:12:42.031648628 -06:00
