---
build/images/cardback-e8c25e0b.png: 2019-01-26 22:24:52.546394597 -07:00
build/images/cardfront-7684fc66.png: 2019-01-26 22:24:52.408322858 -07:00
build/images/lisboa-c5cb1b30.png: 2019-01-26 22:24:49.666333020 -07:00
build/images/pagespeed-4d8b6b12.png: 2019-01-26 22:25:06.173283507 -07:00
build/images/flow-c6be7190.png: 2019-01-26 22:24:55.988600658 -07:00
build/images/settings-faa2fad8.png: 2019-01-26 22:24:49.103569211 -07:00
build/images/bourbon-92c7aaf3.png: 2019-01-26 22:24:50.403171716 -07:00
build/images/headshotsc-950d25ba.png: 2019-01-26 22:24:48.463868654 -07:00
build/images/hn-no-reason-5c509607.png: 2019-01-26 22:24:59.446500347 -07:00
build/images/learning_pyramid-c444079f.png: 2019-01-26 22:24:58.914983408 -07:00
build/images/cfr-805ab76e.png: 2019-01-26 22:25:34.751363841 -07:00
build/images/visuify-2efbe892.png: 2019-01-26 22:25:42.709550668 -07:00
build/images/cathatsquaresmall-7ad03200.jpg: 2019-01-26 22:25:06.579647176 -07:00
build/images/visuify-small-2870c9a1.png: 2019-01-26 22:25:14.260909600 -07:00
build/images/mainsass-4b698b6c.png: 2019-01-26 22:25:07.454115340 -07:00
build/images/groom-9f92c300.png: 2019-01-26 22:25:06.371658921 -07:00
build/images/workbench-5951c6aa.png: 2019-01-26 22:25:10.057218831 -07:00
