---
build/images/workbench-5951c6aa.png: 2019-02-10 01:06:55.082143753 -07:00
build/images/cathatsquaresmall-7ad03200.jpg: 2019-02-10 01:06:51.866182022 -07:00
build/images/flow-c6be7190.png: 2019-02-10 01:06:56.862122568 -07:00
build/images/groom-9f92c300.png: 2019-02-10 01:06:52.014180262 -07:00
build/images/visuify-small-2870c9a1.png: 2019-02-10 01:06:58.674101002 -07:00
build/images/visuify-2efbe892.png: 2019-02-10 01:07:32.909693199 -07:00
build/images/mainsass-4b698b6c.png: 2019-02-10 01:06:53.022168266 -07:00
build/images/learning_pyramid-c444079f.png: 2019-02-10 01:06:57.182118760 -07:00
build/images/cardback-e8c25e0b.png: 2019-02-10 01:06:55.158142848 -07:00
build/images/cfr-805ab76e.png: 2019-02-10 01:07:29.193737491 -07:00
build/images/lisboa-c5cb1b30.png: 2019-02-10 01:06:51.894181689 -07:00
build/images/headshotsc-950d25ba.png: 2019-02-10 01:06:51.986180596 -07:00
build/images/settings-faa2fad8.png: 2019-02-10 01:06:52.578173551 -07:00
build/images/cardfront-7684fc66.png: 2019-02-10 01:06:57.966109430 -07:00
build/images/bourbon-92c7aaf3.png: 2019-02-10 01:06:56.894122187 -07:00
build/images/pagespeed-4d8b6b12.png: 2019-02-10 01:07:09.237975231 -07:00
build/images/hn-no-reason-5c509607.png: 2019-02-10 01:07:03.026049196 -07:00
