---
build/images/pusher.png: 2021-05-16 13:26:24.690000000 -06:00
build/images/headshotsc.png: 2021-05-16 13:26:07.430000000 -06:00
build/images/hn-no-reason.png: 2021-05-16 13:26:13.760000000 -06:00
build/images/settings.png: 2021-05-16 13:26:07.920000000 -06:00
build/images/flow.png: 2021-05-16 13:26:12.100000000 -06:00
build/images/learning_pyramid.png: 2021-05-16 13:26:11.660000000 -06:00
build/images/cardfront.png: 2021-05-16 13:26:10.160000000 -06:00
build/images/bourbon.png: 2021-05-16 13:26:08.800000000 -06:00
build/images/cardback.png: 2021-05-16 13:26:10.170000000 -06:00
build/images/visuify-small.png: 2021-05-16 13:26:13.770000000 -06:00
build/images/mainsass.png: 2021-05-16 13:26:08.320000000 -06:00
build/images/workbench.png: 2021-05-16 13:26:10.170000000 -06:00
build/images/pagespeed.png: 2021-05-16 13:26:19.470000000 -06:00
build/images/cfr.png: 2021-05-16 13:26:38.630000000 -06:00
build/images/meopt.jpg: 2021-05-16 13:26:07.430000000 -06:00
