---
build/images/workbench-5951c6aa.png: 2019-02-10 01:25:06.796978462 -07:00
build/images/cathatsquaresmall-7ad03200.jpg: 2019-02-10 01:25:03.137022890 -07:00
build/images/flow-c6be7190.png: 2019-02-10 01:25:08.696955399 -07:00
build/images/groom-9f92c300.png: 2019-02-10 01:25:03.237021674 -07:00
build/images/visuify-small-2870c9a1.png: 2019-02-10 01:25:10.592932384 -07:00
build/images/visuify-2efbe892.png: 2019-02-10 01:25:44.700518313 -07:00
build/images/mainsass-4b698b6c.png: 2019-02-10 01:25:04.277009050 -07:00
build/images/learning_pyramid-c444079f.png: 2019-02-10 01:25:08.056963166 -07:00
build/images/cardback-e8c25e0b.png: 2019-02-10 01:25:06.700979628 -07:00
build/images/cfr-805ab76e.png: 2019-02-10 01:25:40.796565711 -07:00
build/images/lisboa-c5cb1b30.png: 2019-02-10 01:25:03.165022550 -07:00
build/images/headshotsc-950d25ba.png: 2019-02-10 01:25:03.193022208 -07:00
build/images/settings-faa2fad8.png: 2019-02-10 01:25:03.781015073 -07:00
build/images/cardfront-7684fc66.png: 2019-02-10 01:25:09.564944862 -07:00
build/images/bourbon-92c7aaf3.png: 2019-02-10 01:25:08.408958895 -07:00
build/images/pagespeed-4d8b6b12.png: 2019-02-10 01:25:20.944806717 -07:00
build/images/hn-no-reason-5c509607.png: 2019-02-10 01:25:14.800881303 -07:00
