---
build/images/settings.png: 2020-12-31 23:13:39.190902300 -07:00
build/images/headshotsc.png: 2020-12-31 23:13:38.710906460 -07:00
build/images/cfr.png: 2020-12-31 23:14:11.262621764 -07:00
build/images/learning_pyramid.png: 2020-12-31 23:13:42.974869459 -07:00
build/images/cardback.png: 2020-12-31 23:13:41.510882173 -07:00
build/images/hn-no-reason.png: 2020-12-31 23:13:44.830853326 -07:00
build/images/flow.png: 2020-12-31 23:13:42.970869495 -07:00
build/images/bourbon.png: 2020-12-31 23:13:40.018895120 -07:00
build/images/pagespeed.png: 2020-12-31 23:13:49.246814871 -07:00
build/images/meopt.jpg: 2020-12-31 23:13:38.690906634 -07:00
build/images/pusher.png: 2020-12-31 23:13:55.262762333 -07:00
build/images/mainsass.png: 2020-12-31 23:13:39.590898831 -07:00
build/images/workbench.png: 2020-12-31 23:13:41.382883284 -07:00
build/images/cardfront.png: 2020-12-31 23:13:41.082885889 -07:00
build/images/visuify-small.png: 2020-12-31 23:13:44.554855725 -07:00
