---
build/images/cardfront.png: 2020-08-07 00:19:23.894407754 -06:00
build/images/meopt.jpg: 2020-08-07 00:19:21.626432156 -06:00
build/images/hn-no-reason.png: 2020-08-07 00:19:26.766376853 -06:00
build/images/workbench.png: 2020-08-07 00:19:23.590411025 -06:00
build/images/settings.png: 2020-08-07 00:19:21.966428497 -06:00
build/images/learning_pyramid.png: 2020-08-07 00:19:24.898396952 -06:00
build/images/visuify-small.png: 2020-08-07 00:19:26.730377241 -06:00
build/images/pagespeed.png: 2020-08-07 00:19:34.122297709 -06:00
build/images/flow.png: 2020-08-07 00:19:27.838365320 -06:00
build/images/bourbon.png: 2020-08-07 00:19:27.898364674 -06:00
build/images/headshotsc.png: 2020-08-07 00:19:26.826376208 -06:00
build/images/mainsass.png: 2020-08-07 00:19:27.366370397 -06:00
build/images/cfr.png: 2020-08-07 00:19:57.206049343 -06:00
build/images/cardback.png: 2020-08-07 00:19:29.674345565 -06:00
build/images/pusher.png: 2020-08-07 00:19:48.826139505 -06:00
